	P	I.1	I.2	I.3	I.4	II(T).1	II(T).2	II(T).3	II(T).4	II(T).5	II(T).6	II(T).7	II(T).8	II.1	II.2	II.3	II.4	III.1	III.2	III.3	III.4	IV.1	IV.4
P	--
I.1	4.1	--
I.2	3.9	4.1	--
I.3	3.8	3.7	3.0	--
I.4	4.7	4.6	4.3	4.6	--
II(T).1	3.3	4.1	3.2	2.7	2.8	--
II(T).2	3.7	3.8	5.1	2.9	2.8	3.8	--
II(T).3	3.8	3.9	2.9	4.0	3.1	3.4	2.6	--
II(T).4	4.1	4.1	2.8	4.0	5.3	3.3	3.0	4.0	--
II(T).5	4.2	4.9	3.7	3.1	5.0	3.0	3.6	3.6	4.2	--
II(T).6	3.4	2.8	3.9	2.8	3.0	2.6	3.3	3.3	3.6	2.9	--
II(T).7	4.9	4.2	2.7	3.4	5.0	3.3	3.2	4.6	4.3	5.0	2.8	--
II(T).8	2.7	2.7	3.3	4.4	2.4	4.6	2.6	2.7	3.1	2.7	3.2	2.6	--
II.1	4.1	4.7	2.6	3.9	3.9	4.1	2.7	4.1	4.9	4.6	3.7	4.0	3.0	--
II.2	2.8	3.4	4.7	2.8	3.1	3.3	4.8	2.7	2.8	2.7	4.0	3.6	2.1	2.8	--
II.3	4.0	3.3	3.0	5.4	3.9	2.6	2.9	5.2	3.1	3.6	3.0	3.3	4.0	3.3	2.7	--
II.4	3.0	3.6	3.6	2.8	2.9	4.6	3.4	2.8	2.9	3.6	2.6	3.9	4.4	3.0	3.3	2.6	--
III.1	2.8	3.8	2.2	2.8	3.1	5.3	2.7	2.3	2.9	3.2	3.4	2.6	3.6	3.2	3.1	2.4	4.3	--
III.2	3.1	3.1	4.7	2.4	3.2	3.3	4.9	2.8	3.0	3.7	3.7	3.4	2.6	3.9	4.9	2.4	3.2	3.4	--
III.3	3.6	4.1	2.1	4.9	3.8	3.4	1.9	4.8	4.1	3.9	2.4	4.1	3.6	4.4	3.2	4.0	3.0	3.3	2.9	--
III.4	3.0	3.0	3.4	3.4	3.6	3.0	3.6	2.6	3.3	3.6	3.6	3.6	4.1	3.8	2.6	3.0	5.2	4.8	3.7	2.6	--
IV.1	2.8	3.3	2.4	3.7	2.2	3.6	2.4	4.2	2.8	2.9	2.6	2.1	4.9	2.6	2.8	3.3	3.2	3.9	3.1	4.1	3.3	--
IV.4	2.6	2.4	4.1	3.2	2.4	2.8	3.8	2.7	3.0	2.7	4.3	3.7	2.1	3.3	5.2	2.6	2.7	2.1	3.9	2.1	3.2	3.0	--
